-33.89315145652677 -36.193247168566316 -30.410758447292732
-35.58461796596547 -32.25621921965611 -116.91132480285847
-36.528248484236485 -37.59801595463172 -107.88327771585419
-34.31086070839879 -35.335027003910895 -115.31801754107855
1.1875960487865405 -27.348869636258094 -47.915645027001034
-8.654887800931792 -25.502960202408982 -107.68279635920707
-35.50459975131343 0.16930071596658336 -45.33397033047853
-22.605968406290422 -10.201595898397441 13.494772289752532
-47.456439074723676 -49.385275158281715 -58.07577281699273
-47.23876138895125 -43.99857764336663 -99.17533934641294
-46.88120486413117 -42.52650883208854 -32.53608290634198
-45.57784216427313 -44.033676524160136 -100.60665755613788
-41.76166500546024 -43.012200690111456 -41.70512985942759
-40.47597547475735 -40.0710026967141 -112.01915534229394
-38.37404947226512 -39.115840125009655 -37.82083634843053
-38.19384764968588 -40.68715357048074 -39.65530097983708
-40.42026511676657 -43.362866457331265 -108.63651885661235
-44.65358149385502 -44.63873142463639 -127.65349032749333
-41.762121833780085 -39.88952225340647 -49.996339684029564
-39.334262245531725 -42.979849490197935 -27.561922513537972
-30.176604306634708 -40.62409855668523 -26.904672510106433
-34.740029580649434 -42.197605420256295 -47.39088550642981
-40.29852141878374 -34.45209250415001 -42.546846956021426
-43.332787039566064 -35.91177002332661 -12.883651449947136
-19.181105072299992 -35.25289094995451 -115.4829837501455
-29.677286544319905 -30.58853249544344 -83.63189426389057
-31.659967794519094 -19.118381534187186 -40.85205782884166
-29.549923363118953 -28.020311273484104 -3.16664898009979
21.271209040449264 17.717811462179966 45.81273234460743
31.459707010222143 0.5024419473623989 -32.144935251779735
-6.413039282105001 19.4817711893779 -21.99193245644676
7.854751507506041 32.25368760017075 23.777771340478886
62.34471475922721 31.41316364583114 -28.897408303463656
42.970335050406675 33.128858209803575 -74.59955859640631
14.6729315230785 56.09298273991156 -5.066142246064743
41.05799472868637 42.74418873065218 83.51383178099998
81.1290461275974 24.671314911778907 -88.3579456358929
48.38369361744989 46.41974832993748 2.188294944174996
25.604358873162223 81.76201428706074 -16.05339321893843
59.35422749558683 49.684268094244075 105.1051907241966
90.0958133252696 -1.404875044326647 -92.9880925106878
27.653939335526644 49.20525325190018 13.228176272083077
22.84324391318033 97.91956522550436 -95.47721312113148
71.68245412923595 59.905955110728634 136.09172029398636
74.512903773907 98.82732593416989 -89.79020839022613
28.621035988138885 160.5143294022402 10.83382411976572
124.45980670248949 145.84808823914426 182.32563235619077
168.41206472571105 72.1175608512929 22.251118496457508
124.483921790585 33.75958146082668 -10.464487480091215
33.31649247632328 144.0769551750893 -100.16350292020996
96.00582456425713 122.95421135375855 148.04177240020633
181.5211032622572 44.19746960864836 3.545300716389079
286.38524197171165 157.06686111467596 92.34997831451277
225.33589677656127 212.34725387996627 -45.034511053313935
180.91114568495422 299.2274871498784 186.0226433310181
226.5473340437159 230.45906073197986 343.30164900182007
-43.27487773324793 -41.17703835728921 -43.804520013005295
-40.21700252636444 -39.15242316083857 -39.6448367479698
-40.35418065222174 -44.259783216211474 -115.43186761218344
-43.39444767012883 -43.92577499021441 -119.66141662479292
-18.301384573662926 -24.840424668313698 14.875624648360386
-10.500794042466453 -30.735133323742005 -38.380674674031546
-32.63418173123887 -12.337011019951195 -83.6089732588871
-27.430290768815834 -0.6870796666339496 -87.94625511024137
5.760307106301436 -20.95511580992494 58.85986634594418
-6.423164897156809 -14.541047921388259 -11.11438592839044
-19.768363927839697 4.159664988269592 -80.36797043916658
-16.478497637036384 39.24165382966929 -72.34012240094178
9.045453029137454 -28.171571364774287 -73.22974466937181
-5.8981668062986685 -17.295251080383373 -38.24478991868762
-36.90850243782826 6.095218707803157 -92.49684262502325
-10.206528125581048 -7.589653273437804 42.00626468021815
75.38599855826105 39.13987722164808 -17.310967784837864
25.803536603394587 56.26000592617088 -25.7303901962594
32.8842758824058 73.00867684827159 -41.3340977243955
54.12823240478089 54.118346413521 91.40012707725344
105.49544005698627 31.631996637325447 -40.25416869996378
64.88587573459657 35.78486401369265 24.663707773556478
38.97378429592084 80.59013769782453 -58.74264681789292
62.918790911736565 83.57185724559895 117.67450920310614
119.80307215358957 68.72818887717571 -68.51729082542028
82.25804859317225 87.99309080892107 28.629687883413474
71.4582929787035 112.06084458457903 -52.607978451554864
91.98958287371339 97.3377008069289 152.16884506301363
173.30481856359648 167.10762258510914 190.85948204111295
189.92536315484358 113.18705523818006 92.51637612111269
148.86245406282663 169.25827930320196 -60.370446669259145
149.5647132269586 176.4527389275403 -31.24272587144985
199.49375117546646 193.7461565462575 226.95847570708997
203.79079682723483 71.79301680390066 -47.961819613835544
167.5479680209085 107.89034798824157 16.182592383747576
112.75353923381766 230.61078030047867 -46.09353017178473
289.5752170102163 224.12895747318322 241.6356390269533
252.38823269737307 207.5630508654477 -15.70103531405477
177.49967204028695 277.79483633957574 65.76966592722752
253.95350403002612 247.87134035386993 343.585364346912
